# oST version 5.0 parameters


[image]

width
640

height
480

[narrow_stereo/left]

camera matrix
431.218165 0.000000 330.900754
0.000000 430.225522 249.186953
0.000000 0.000000 1.000000

distortion
-0.367411 0.104547 0.000691 0.000550 0.000000

rectification
0.997811 0.006245 -0.065841
-0.006428 0.999976 -0.002562
0.065823 0.002980 0.997827

projection
377.728457 0.000000 409.119324 0.000000
0.000000 377.728457 259.690315 0.000000
0.000000 0.000000 1.000000 0.000000
# oST version 5.0 parameters


[image]

width
640

height
480

[narrow_stereo/right]

camera matrix
432.021741 0.000000 328.062484
0.000000 431.505177 256.996425
0.000000 0.000000 1.000000

distortion
-0.363000 0.099518 0.000217 0.002117 0.000000

rectification
0.996480 0.005252 -0.083668
-0.005020 0.999983 0.002985
0.083682 -0.002555 0.996489

projection
377.728457 0.000000 409.119324 -9.081226
0.000000 377.728457 259.690315 0.000000
0.000000 0.000000 1.000000 0.000000
