# oST version 5.0 parameters


[image]

width
640

height
480

[narrow_stereo/left]

camera matrix
434.697576 0.000000 325.953714
0.000000 434.695786 253.607886
0.000000 0.000000 1.000000

distortion
-0.376704 0.110839 0.000076 0.001443 0.000000

rectification
0.993116 0.010410 -0.116672
-0.010802 0.999938 -0.002730
0.116636 0.003971 0.993167

projection
384.452318 0.000000 456.723667 0.000000
0.000000 384.452318 264.657570 0.000000
0.000000 0.000000 1.000000 0.000000
# oST version 5.0 parameters


[image]

width
640

height
480

[narrow_stereo/right]

camera matrix
436.273006 0.000000 319.540588
0.000000 437.105356 262.010620
0.000000 0.000000 1.000000

distortion
-0.377139 0.110521 -0.000416 0.003962 0.000000

rectification
0.989861 0.010550 -0.141650
-0.010073 0.999941 0.004082
0.141685 -0.002614 0.989908

projection
384.452318 0.000000 456.723667 -22.935600
0.000000 384.452318 264.657570 0.000000
0.000000 0.000000 1.000000 0.000000
